1 9
2 8
3 9
4 11
5 8
6 15
7 11
8 8
9 14
10 10
11 10
12 13
13 13
14 6
15 4
16 7
17 15
18 8
19 12
20 17
21 8
22 12
23 8
24 15
25 11
26 9
27 16
28 11
29 12
30 8
31 8
32 12
33 11
34 13
35 8
36 7
37 10
38 12
39 11
40 12
41 11
42 11
43 13
44 13
45 12
46 13
47 12
48 5
49 2
50 9
51 12
52 10
53 12
54 17
55 9
56 11
57 8
58 16
59 10
60 11
61 17
62 12
63 13
64 8
65 5
66 12
67 11
68 12
69 8
70 8
71 11
72 12
73 13
74 11
75 11
76 12
77 12
78 8
79 12
80 12
81 10
82 7
83 6
84 10
85 12
86 12
87 12
88 16
89 7
90 13
91 13
92 14
93 14
94 14
95 14
96 13
97 12
98 7
99 4
100 14
101 10
102 14
103 6
104 6
105 13
106 10
107 15
108 10
109 13
110 10
111 11
112 9
113 10
114 11
115 10
116 8
117 6
118 8
119 7
120 15
121 9
122 14
123 5
124 14
125 12
126 13
127 12
128 15
129 13
130 10
131 13
132 7
133 4
134 12
135 8
136 9
137 10
138 8
139 15
140 11
141 11
142 13
143 12
144 14
145 13
146 11
147 13
148 11
149 11
150 8
151 8
152 9
153 10
154 10
155 9
156 12
157 6
158 13
159 14
160 13
161 14
162 16
163 10
164 11
165 12
166 9
167 6
168 13
169 8
170 12
171 10
172 10
173 14
174 9
175 14
176 13
177 12
178 12
179 13
180 11
181 12
182 11
183 11
184 8
185 7
186 11
187 10
188 9
189 10
190 12
191 10
192 15
193 11
194 16
195 14
196 17
197 8
198 10
199 13
200 8
201 9
202 9
203 9
204 11
205 9
206 10
207 13
208 8
209 15
210 12
211 12
212 12
213 14
214 6
215 15
216 10
217 11
218 10
219 7
220 9
221 9
222 7
223 10
224 11
225 9
226 16
227 12
228 11
229 14
230 16
231 9
232 10
233 14
234 8
235 9
236 5
237 12
238 14
239 12
240 12
241 13
242 10
243 15
244 11
245 11
246 11
247 14
248 12
249 10
250 9
251 14
252 9
253 8
254 8
255 8
256 7
257 9
258 13
259 8
260 10
261 12
262 10
263 12
264 17
265 10
266 6
267 13
268 6
269 12
270 6
271 12
272 14
273 12
274 12
275 11
276 11
277 16
278 11
279 11
280 12
281 12
282 13
283 9
284 12
285 15
286 8
287 7
288 9
289 8
290 7
291 8
292 15
293 10
294 9
295 12
296 12
297 13
298 15
299 10
300 6
301 11
302 8
303 13
304 7
305 12
306 13
307 13
308 14
309 7
310 10
311 17
312 14
313 11
314 12
315 8
316 14
317 8
318 8
319 15
320 11
321 6
322 10
323 9
324 8
325 10
326 14
327 10
328 7
329 8
330 13
331 13
332 12
333 16
334 8
335 12
336 8
337 13
338 11
339 8
340 19
341 9
342 13
343 6
344 14
345 14
346 15
347 10
348 11
349 7
350 13
351 10
352 6
353 12
354 11
355 5
356 10
357 9
358 6
359 12
360 12
361 7
362 6
363 8
364 15
365 12
366 11
367 15
368 10
369 11
370 9
371 10
372 12
373 8
374 14
375 14
376 13
377 8
378 14
379 12
380 11
381 14
382 10
383 8
384 12
385 10
386 10
387 11
388 11
389 8
390 9
391 11
392 9
393 11
394 11
395 7
396 5
397 11
398 10
399 11
400 12
401 15
402 11
403 10
404 9
405 11
406 11
407 13
408 13
409 15
410 12
411 9
412 13
413 12
414 11
415 12
416 9
417 10
418 6
419 11
420 10
421 12
422 10
423 12
424 11
425 8
426 9
427 11
428 9
429 10
430 7
431 13
432 10
433 13
434 10
435 12
436 8
437 13
438 14
439 7
440 16
441 17
442 10
443 16
444 12
445 9
446 12
447 13
448 10
449 14
450 7
451 9
452 9
453 11
454 13
455 10
456 11
457 11
458 11
459 9
460 9
461 11
462 8
463 12
464 6
465 13
466 5
467 15
468 9
469 13
470 5
471 14
472 12
473 9
474 15
475 17
476 11
477 12
478 13
479 8
480 10
481 11
482 11
483 10
484 8
485 10
486 12
487 12
488 11
489 16
490 9
491 15
492 14
493 12
494 13
495 10
496 9
497 10
498 7
499 12
500 9
501 13
502 8
503 11
504 6
505 12
506 15
507 9
508 17
509 16
510 9
511 13
512 13
513 9
514 8
515 11
516 10
517 12
518 8
519 13
520 12
521 11
522 15
523 14
524 8
525 13
526 13
527 13
528 12
529 9
530 10
531 10
532 8
533 14
534 10
535 9
536 11
537 15
538 11
539 15
540 14
541 12
542 15
543 15
544 8
545 12
546 14
547 9
548 7
549 7
550 10
551 11
552 6
553 14
554 14
555 10
556 14
557 14
558 12
559 12
560 12
561 10
562 15
563 11
564 11
565 11
566 8
567 11
568 10
569 9
570 12
571 18
572 10
573 15
574 15
575 10
576 16
577 15
578 7
579 12
580 15
581 9
582 8
583 6
584 9
585 13
586 6
587 13
588 17
589 11
590 15
591 14
592 11
593 11
594 13
595 14
596 10
597 11
598 13
599 10
600 10
601 10
602 8
603 9
604 11
605 21
606 10
607 14
608 15
609 12
610 11
611 13
612 7
613 8
614 15
615 7
616 11
617 8
618 10
619 16
620 5
621 13
622 15
623 11
624 13
625 14
626 11
627 11
628 12
629 15
630 10
631 15
632 15
633 9
634 9
635 10
636 8
637 9
638 6
639 20
640 12
641 13
642 14
643 16
644 12
645 15
646 7
647 10
648 13
649 9
650 12
651 9
652 9
653 14
654 7
655 15
656 9
657 12
658 12
659 15
660 12
661 15
662 10
663 17
664 9
665 12
666 15
667 10
668 8
669 9
670 8
671 10
672 7
673 16
674 13
675 12
676 10
677 16
678 12
679 13
680 12
681 10
682 11
683 8
684 13
685 12
686 6
687 18
688 8
689 13
690 7
691 18
692 11
693 16
694 12
695 13
696 11
697 16
698 10
699 12
700 11
701 13
702 10
703 7
704 7
705 8
706 9
707 15
708 10
709 8
710 9
711 15
712 14
713 13
714 11
715 10
716 12
717 7
718 12
719 12
720 6
721 14
722 13
723 11
724 8
725 19
726 12
727 12
728 16
729 11
730 13
731 17
732 10
733 16
734 11
735 12
736 13
737 6
738 9
739 11
740 8
741 11
742 9
743 6
744 14
745 9
746 12
747 13
748 10
749 11
750 12
751 8
752 13
753 9
754 12
755 12
756 14
757 11
758 8
759 18
760 12
761 14
762 13
763 10
764 13
765 10
766 11
767 15
768 13
769 11
770 12
771 10
772 7
773 9
774 7
775 10
776 12
777 8
778 16
779 8
780 11
781 11
782 10
783 9
784 14
785 11
786 11
787 13
788 17
789 10
790 15
791 11
792 11
793 14
794 12
795 11
796 18
797 9
798 10
799 11
800 13
801 15
802 10
803 10
804 9
805 11
806 8
807 10
808 9
809 8
810 16
811 6
812 17
813 5
814 11
815 10
816 12
817 5
818 17
819 9
820 13
821 13
822 18
823 11
824 11
825 13
826 12
827 13
828 10
829 13
830 13
831 9
832 11
833 11
834 12
835 11
836 16
837 9
838 11
839 14
840 12
841 11
842 10
843 9
844 13
845 6
846 17
847 8
848 9
849 7
850 12
851 5
852 15
853 13
854 12
855 15
856 17
857 9
858 14
859 14
860 12
861 9
862 10
863 11
864 14
865 7
866 15
867 10
868 10
869 12
870 17
871 8
872 10
873 13
874 14
875 12
876 9
877 10
878 12
879 8
880 19
881 8
882 8
883 10
884 14
885 10
886 16
887 16
888 12
889 13
890 15
891 7
892 13
893 15
894 11
895 7
896 8
897 12
898 12
899 5
900 19
901 13
902 11
903 12
904 16
905 11
906 8
907 13
908 12
909 14
910 8
911 10
912 12
913 8
914 16
915 9
916 7
917 8
918 16
919 9
920 14
921 18
922 11
923 12
924 14
925 9
926 13
927 15
928 10
929 9
930 7
931 9
932 14
933 6
934 16
935 17
936 9
937 11
938 15
939 9
940 8
941 13
942 15
943 10
944 8
945 12
946 10
947 9
948 10
949 6
950 8
951 8
952 19
953 10
954 14
955 17
956 10
957 9
958 10
959 10
960 11
961 15
962 7
963 13
964 9
965 11
966 15
967 6
968 15
969 15
970 8
971 13
972 15
973 8
974 11
975 10
976 15
977 8
978 12
979 13
980 12
981 6
982 10
983 6
984 9
985 4
986 18
987 10
988 13
989 15
990 13
991 10
992 9
993 9
994 12
995 16
996 9
997 14
998 10
999 10
1000 11
1001 9
1002 17
1003 8
1004 11
1005 14
1006 15
1007 10
1008 17
1009 7
1010 18
1011 9
1012 16
1013 14
1014 11
1015 7
1016 9
1017 6
1018 11
1019 5
1020 15
1021 13
1022 13
1023 12
1024 13
1025 9
1026 8
1027 13
1028 11
1029 14
1030 8
1031 14
1032 12
1033 7
1034 10
1035 8
1036 14
1037 5
1038 15
1039 14
1040 15
1041 10
1042 14
1043 8
1044 15
1045 9
1046 17
1047 10
1048 12
1049 10
1050 7
1051 4
1052 11
1053 7
1054 15
1055 11
1056 9
1057 11
1058 13
1059 11
1060 10
1061 12
1062 9
1063 13
1064 8
1065 14
1066 11
1067 8
1068 11
1069 12
1070 11
1071 5
1072 15
1073 15
1074 10
1075 12
1076 12
1077 11
1078 15
1079 10
1080 19
1081 11
1082 9
1083 13
1084 5
1085 5
1086 13
1087 7
1088 12
1089 11
1090 9
1091 14
1092 7
1093 11
1094 11
1095 12
1096 13
1097 15
1098 7
1099 17
1100 9
1101 13
1102 10
1103 11
1104 7
1105 7
1106 13
1107 14
1108 13
1109 10
1110 11
1111 12
1112 8
1113 13
1114 17
1115 14
1116 10
1117 12
1118 8
1119 5
1120 13
1121 9
1122 11
1123 12
1124 11
1125 15
1126 8
1127 10
1128 10
1129 10
1130 12
1131 16
1132 9
1133 15
1134 9
1135 16
1136 10
1137 11
1138 7
1139 10
1140 11
1141 13
1142 9
1143 16
1144 8
1145 11
1146 12
1147 15
1148 19
1149 12
1150 7
1151 9
1152 10
1153 5
1154 13
1155 9
1156 7
1157 14
1158 8
1159 15
1160 6
1161 10
1162 11
1163 11
1164 9
1165 17
1166 8
1167 16
1168 10
1169 14
1170 11
1171 7
1172 7
1173 10
1174 13
1175 8
1176 11
1177 13
1178 8
1179 12
1180 14
1181 13
1182 13
1183 15
1184 7
1185 10
1186 12
1187 8
1188 10
1189 10
1190 8
1191 11
1192 6
1193 15
1194 8
1195 9
1196 12
1197 10
1198 11
1199 14
1200 10
1201 14
1202 10
1203 13
1204 12
1205 9
1206 8
1207 9
1208 8
1209 8
1210 9
1211 15
1212 6
1213 14
1214 15
1215 13
1216 12
1217 15
1218 7
1219 7
1220 10
1221 11
1222 11
1223 9
1224 11
1225 11
1226 9
1227 17
1228 7
1229 9
1230 14
1231 9
1232 12
1233 12
1234 11
1235 13
1236 9
1237 11
1238 10
1239 7
1240 11
1241 11
1242 6
1243 7
1244 12
1245 13
1246 7
1247 16
1248 17
1249 14
1250 13
1251 16
1252 10
1253 5
1254 11
1255 12
1256 12
1257 11
1258 13
1259 11
1260 10
1261 15
1262 10
1263 8
1264 9
1265 11
1266 11
1267 9
1268 13
1269 10
1270 7
1271 10
1272 10
1273 9
1274 10
1275 9
1276 6
1277 8
1278 8
1279 15
1280 6
1281 11
1282 19
1283 13
1284 13
1285 14
1286 10
1287 5
1288 12
1289 15
1290 11
1291 10
1292 13
1293 13
1294 11
1295 8
1296 8
1297 8
1298 7
1299 15
1300 9
1301 8
1302 12
1303 9
1304 6
1305 6
1306 10
1307 9
1308 11
1309 6
1310 9
1311 10
1312 9
1313 14
1314 6
1315 10
1316 17
1317 9
1318 14
1319 14
1320 11
1321 8
1322 10
1323 13
1324 8
1325 13
1326 12
1327 14
1328 8
1329 8
1330 9
1331 11
1332 6
1333 16
1334 10
1335 11
1336 10
1337 11
1338 5
1339 8
1340 9
1341 10
1342 13
1343 8
1344 8
1345 9
1346 9
1347 9
1348 9
1349 15
1350 8
1351 10
1352 15
1353 11
1354 13
1355 13
1356 6
1357 15
1358 7
1359 17
1360 13
1361 11
1362 9
1363 6
1364 9
1365 13
1366 8
1367 15
1368 13
1369 11
1370 7
1371 12
1372 5
1373 9
1374 12
1375 9
1376 12
1377 9
1378 10
1379 10
1380 7
1381 10
1382 10
1383 15
1384 5
1385 15
1386 15
1387 11
1388 11
1389 10
1390 8
1391 10
1392 9
1393 17
1394 11
1395 10
1396 10
1397 5
1398 7
1399 13
1400 8
1401 16
1402 12
1403 10
1404 8
1405 12
1406 7
1407 13
1408 11
1409 11
1410 9
1411 9
1412 11
1413 9
1414 9
1415 13
1416 14
1417 17
1418 6
1419 15
1420 17
1421 7
1422 13
1423 8
1424 11
1425 10
1426 10
1427 16
1428 12
1429 9
1430 11
1431 6
1432 6
1433 12
1434 11
1435 14
1436 12
1437 10
1438 12
1439 6
1440 8
1441 13
1442 12
1443 14
1444 12
1445 9
1446 16
1447 7
1448 12
1449 13
1450 12
1451 15
1452 9
1453 13
1454 15
1455 10
1456 13
1457 7
1458 13
1459 5
1460 13
1461 14
1462 14
1463 9
1464 12
1465 7
1466 7
1467 12
1468 13
1469 11
1470 8
1471 11
1472 13
1473 5
1474 9
1475 13
1476 10
1477 14
1478 14
1479 11
1480 16
1481 5
1482 15
1483 12
1484 11
1485 15
1486 9
1487 10
1488 13
1489 7
1490 17
1491 7
1492 13
1493 9
1494 13
1495 15
1496 13
1497 7
1498 9
1499 9
1500 6
1501 11
1502 13
1503 8
1504 10
1505 8
1506 13
1507 5
1508 10
1509 13
1510 12
1511 12
1512 15
1513 10
1514 17
1515 6
1516 14
1517 12
1518 8
1519 14
1520 9
1521 11
1522 10
1523 13
1524 14
1525 8
1526 16
1527 13
1528 12
1529 12
1530 15
1531 8
1532 12
1533 12
1534 8
1535 8
1536 12
1537 7
1538 8
1539 5
1540 14
1541 6
1542 11
1543 14
1544 10
1545 14
1546 14
1547 12
1548 14
1549 8
1550 13
1551 12
1552 8
1553 12
1554 8
1555 8
1556 9
1557 12
1558 15
1559 9
1560 16
1561 16
1562 13
1563 10
1564 12
1565 8
1566 9
1567 11
1568 12
1569 9
1570 10
1571 12
1572 10
1573 10
1574 19
1575 7
1576 13
1577 17
1578 10
1579 15
1580 12
1581 13
1582 12
1583 8
1584 11
1585 9
1586 7
1587 11
1588 12
1589 6
1590 7
1591 14
1592 13
1593 11
1594 15
1595 17
1596 12
1597 10
1598 12
1599 10
1600 7
1601 13
1602 12
1603 12
1604 10
1605 13
1606 9
1607 12
1608 16
1609 11
1610 12
1611 12
1612 10
1613 13
1614 10
1615 16
1616 9
1617 7
1618 10
1619 8
1620 8
1621 8
1622 11
1623 6
1624 6
1625 10
1626 14
1627 10
1628 11
1629 19
1630 10
1631 10
1632 11
1633 9
1634 6
1635 11
1636 12
1637 12
1638 8
1639 14
1640 12
1641 14
1642 11
1643 11
1644 12
1645 10
1646 12
1647 13
1648 13
1649 14
1650 8
1651 7
1652 7
1653 8
1654 7
1655 9
1656 11
1657 8
1658 9
1659 11
1660 15
1661 9
1662 10
1663 18
1664 7
1665 11
1666 12
1667 10
1668 10
1669 10
1670 12
1671 9
1672 11
1673 13
1674 13
1675 14
1676 10
1677 13
1678 15
1679 8
1680 14
1681 13
1682 16
1683 13
1684 10
1685 8
1686 10
1687 9
1688 9
1689 9
1690 13
1691 8
1692 9
1693 9
1694 11
1695 11
1696 16
1697 11
1698 10
1699 15
1700 10
1701 12
1702 16
1703 4
1704 13
1705 7
1706 16
1707 14
1708 9
1709 15
1710 7
1711 12
1712 16
1713 11
1714 13
1715 17
1716 16
1717 9
1718 11
1719 6
1720 9
1721 10
1722 8
1723 9
1724 12
1725 10
1726 13
1727 8
1728 11
1729 11
1730 21
1731 7
1732 13
1733 15
1734 11
1735 10
1736 13
1737 7
1738 9
1739 7
1740 16
1741 13
1742 8
1743 16
1744 6
1745 10
1746 15
1747 11
1748 14
1749 16
1750 13
1751 10
1752 11
1753 8
1754 11
1755 9
1756 7
1757 6
1758 10
1759 11
1760 12
1761 8
1762 15
1763 11
1764 22
1765 8
1766 15
1767 19
1768 8
1769 13
1770 11
1771 9
1772 9
1773 10
1774 15
1775 11
1776 8
1777 16
1778 9
1779 7
1780 12
1781 13
1782 13
1783 16
1784 13
1785 12
1786 6
1787 7
1788 10
1789 10
1790 7
1791 9
1792 10
1793 17
1794 9
1795 11
1796 15
1797 9
1798 20
1799 8
1800 15
1801 15
1802 11
1803 13
1804 9
1805 12
1806 7
1807 10
1808 11
1809 11
1810 9
1811 16
1812 10
1813 8
1814 12
1815 15
1816 12
1817 10
1818 13
1819 12
1820 6
1821 7
1822 11
1823 9
1824 7
1825 10
1826 11
1827 18
1828 6
1829 11
1830 13
1831 10
1832 21
1833 10
1834 10
1835 16
1836 8
1837 17
1838 9
1839 12
1840 10
1841 10
1842 13
1843 10
1844 8
1845 11
1846 12
1847 9
1848 10
1849 14
1850 10
1851 11
1852 10
1853 14
1854 7
1855 8
1856 12
1857 11
1858 6
1859 12
1860 9
1861 19
1862 7
1863 12
1864 12
1865 8
1866 20
1867 8
1868 12
1869 13
1870 14
1871 12
1872 8
1873 15
1874 11
1875 9
1876 9
1877 10
1878 9
1879 12
1880 15
1881 10
1882 8
1883 13
1884 9
1885 10
1886 8
1887 14
1888 6
1889 8
1890 13
1891 10
1892 7
1893 11
1894 13
1895 15
1896 7
1897 13
1898 11
1899 8
1900 14
1901 8
1902 10
1903 12
1904 13
1905 13
1906 8
1907 15
1908 14
1909 11
1910 8
1911 8
1912 10
1913 9
1914 14
1915 15
1916 9
1917 10
1918 13
1919 11
1920 12
1921 18
1922 7
1923 10
1924 16
1925 11
1926 11
1927 11
1928 12
1929 14
1930 7
1931 12
1932 10
1933 7
1934 12
1935 12
1936 10
1937 12
1938 14
1939 12
1940 11
1941 12
1942 14
1943 9
1944 7
1945 9
1946 9
1947 8
1948 11
1949 16
1950 12
1951 11
1952 13
1953 12
1954 12
1955 15
1956 9
1957 10
1958 11
1959 8
1960 12
1961 11
1962 14
1963 11
1964 8
1965 11
1966 8
1967 8
1968 10
1969 14
1970 9
1971 11
1972 11
1973 14
1974 10
1975 9
1976 15
1977 7
1978 7
1979 9
1980 8
1981 8
1982 10
1983 16
1984 13
1985 9
1986 14
1987 12
1988 12
1989 13
1990 10
1991 12
1992 10
1993 10
1994 14
1995 13
1996 10
1997 11
1998 10
1999 9
2000 9
2001 8
2002 9
2003 13
2004 11
2005 13
2006 14
2007 16
2008 10
2009 8
2010 15
2011 7
2012 9
2013 9
2014 6
2015 12
2016 12
2017 14
2018 8
2019 13
2020 13
2021 12
2022 12
2023 10
2024 10
2025 16
2026 7
2027 13
2028 15
2029 14
2030 10
2031 10
2032 11
2033 12
2034 8
2035 10
2036 9
2037 13
2038 14
2039 11
2040 12
2041 13
2042 10
2043 11
2044 11
2045 10
2046 12
2047 9
2048 7
2049 18
2050 10
2051 16
2052 7
2053 18
2054 14
2055 8
2056 12
2057 7
2058 9
2059 17
2060 10
2061 14
2062 17
2063 13
2064 9
2065 10
2066 9
2067 11
2068 9
2069 9
2070 8
2071 10
2072 15
2073 12
2074 12
2075 12
2076 10
2077 16
2078 8
2079 12
2080 15
2081 8
2082 6
2083 17
2084 9
2085 13
2086 7
2087 18
2088 14
2089 6
2090 13
2091 6
2092 8
2093 17
2094 10
2095 15
2096 16
2097 12
2098 13
2099 12
2100 12
2101 12
2102 7
2103 6
2104 7
2105 9
2106 15
2107 10
2108 12
2109 17
2110 9
2111 19
2112 8
2113 12
2114 21
2115 7
2116 8
2117 15
2118 10
2119 13
2120 10
2121 14
2122 10
2123 5
2124 12
2125 9
2126 4
2127 13
2128 11
2129 15
2130 16
2131 13
2132 15
2133 9
2134 10
2135 11
2136 9
2137 7
2138 8
2139 8
2140 21
2141 10
2142 10
2143 15
2144 6
2145 18
2146 7
2147 11
2148 19
2149 10
2150 9
2151 12
2152 11
2153 11
2154 9
2155 10
2156 10
2157 7
2158 13
2159 9
2160 6
2161 12
2162 12
2163 15
2164 10
2165 14
2166 15
2167 9
2168 8
2169 11
2170 8
2171 7
2172 9
2173 8
2174 23
2175 9
2176 10
2177 14
2178 6
2179 19
2180 11
2181 7
2182 21
2183 7
2184 13
2185 11
2186 9
2187 13
2188 7
2189 11
2190 9
2191 8
2192 9
2193 11
2194 7
2195 9
2196 11
2197 13
2198 10
2199 11
2200 17
2201 11
2202 8
2203 11
2204 9
2205 5
2206 9
2207 6
2208 20
2209 9
2210 8
2211 13
2212 6
2213 18
2214 8
2215 10
2216 16
2217 12
2218 13
2219 10
2220 9
2221 13
2222 6
2223 6
2224 8
2225 10
2226 12
2227 13
2228 9
2229 6
2230 13
2231 11
2232 12
2233 10
2234 17
2235 10
2236 9
2237 11
2238 7
2239 5
2240 8
2241 11
2242 16
2243 8
2244 12
2245 13
2246 6
2247 15
2248 7
2249 10
2250 14
2251 12
2252 13
2253 8
2254 9
2255 15
2256 8
2257 4
2258 8
2259 9
2260 10
2261 13
2262 14
2263 6
2264 10
2265 16
2266 15
2267 9
2268 20
2269 6
2270 9
2271 14
2272 7
2273 7
2274 9
2275 10
2276 13
2277 8
2278 11
2279 11
2280 6
2281 12
2282 10
2283 11
2284 13
2285 13
2286 11
2287 8
2288 8
2289 15
2290 7
2291 5
2292 10
2293 8
2294 10
2295 11
2296 18
2297 9
2298 13
2299 14
2300 14
2301 9
2302 16
2303 7
2304 9
2305 10
2306 6
2307 9
2308 11
2309 11
2310 9
2311 9
2312 11
2313 9
2314 6
2315 9
2316 14
2317 10
2318 12
2319 11
2320 11
2321 9
2322 6
2323 16
2324 7
2325 6
2326 10
2327 7
2328 11
2329 10
2330 18
2331 12
2332 9
2333 15
2334 14
2335 10
2336 16
2337 8
2338 11
2339 9
2340 8
2341 9
2342 13
2343 8
2344 8
2345 11
2346 9
2347 9
2348 8
2349 7
2350 14
2351 11
2352 12
2353 13
2354 12
2355 10
2356 7
2357 15
2358 6
2359 10
2360 9
2361 7
2362 12
2363 13
2364 17
2365 8
2366 13
2367 12
2368 14
2369 14
2370 14
2371 6
2372 15
2373 6
2374 14
2375 9
2376 15
2377 8
2378 7
2379 11
2380 11
2381 8
2382 10
2383 7
2384 11
2385 13
2386 10
2387 13
2388 11
2389 10
2390 9
2391 12
2392 7
2393 12
2394 9
2395 9
2396 17
2397 10
2398 17
2399 7
2400 16
2401 13
2402 11
2403 14
2404 9
2405 6
2406 15
2407 8
2408 16
2409 11
2410 12
2411 6
2412 6
2413 11
2414 12
2415 9
2416 9
2417 7
2418 9
2419 15
2420 14
2421 13
2422 11
2423 10
2424 12
2425 8
2426 9
2427 16
2428 7
2429 9
2430 17
2431 9
2432 14
2433 9
2434 16
2435 13
2436 8
2437 14
2438 7
2439 6
2440 15
2441 8
2442 14
2443 12
2444 11
2445 8
2446 12
2447 11
2448 13
2449 7
2450 5
2451 8
2452 10
2453 14
2454 13
2455 13
2456 14
2457 9
2458 14
2459 8
2460 11
2461 23
2462 5
2463 10
2464 18
2465 10
2466 12
2467 12
2468 11
2469 11
2470 5
2471 14
2472 8
2473 3
2474 10
2475 11
2476 12
2477 13
2478 11
2479 12
2480 12
2481 11
2482 13
2483 8
2484 4
2485 9
2486 11
2487 17
2488 13
2489 11
2490 13
2491 5
2492 14
2493 6
2494 14
2495 22
2496 9
2497 11
2498 17
2499 12
2500 10
2501 12
2502 10
2503 12
2504 6
2505 13
2506 7
2507 7
2508 9
2509 13
2510 12
2511 10
2512 13
2513 15
2514 11
2515 9
2516 12
2517 6
2518 5
2519 10
2520 8
2521 19
2522 11
2523 11
2524 11
2525 4
2526 15
2527 9
2528 11
2529 23
2530 8
2531 14
2532 13
2533 10
2534 11
2535 8
2536 11
2537 9
2538 7
2539 11
2540 8
2541 8
2542 7
2543 14
2544 12
2545 11
2546 10
2547 19
2548 11
2549 9
2550 11
2551 7
2552 4
2553 9
2554 6
2555 19
2556 11
2557 10
2558 9
2559 4
2560 15
2561 9
2562 14
2563 18
2564 12
2565 14
2566 10
2567 8
2568 12
2569 7
2570 8
2571 8
2572 7
2573 13
2574 10
2575 9
2576 5
2577 16
2578 11
2579 13
2580 11
2581 21
2582 10
2583 11
2584 10
2585 5
2586 6
2587 6
2588 12
2589 20
2590 8
2591 13
2592 9
2593 4
2594 15
2595 8
2596 15
2597 14
2598 11
2599 14
2600 10
2601 8
2602 14
2603 9
2604 4
2605 7
2606 6
2607 11
2608 11
2609 12
2610 6
2611 15
2612 17
2613 18
2614 13
2615 25
2616 5
2617 10
2618 12
2619 7
2620 7
2621 8
2622 10
2623 17
2624 9
2625 12
2626 9
2627 8
2628 12
2629 11
2630 15
2631 10
2632 12
2633 14
2634 10
2635 8
2636 14
2637 9
2638 5
2639 8
2640 7
2641 10
2642 10
2643 17
2644 9
2645 15
2646 16
2647 18
2648 15
2649 22
2650 5
2651 11
2652 10
2653 6
2654 11
2655 11
2656 10
2657 13
2658 11
2659 13
2660 11
2661 10
2662 11
2663 15
2664 13
2665 10
2666 10
2667 14
2668 9
2669 8
2670 14
2671 8
2672 4
2673 6
2674 8
2675 9
2676 8
2677 16
2678 12
2679 11
2680 17
2681 17
2682 13
2683 21
2684 7
2685 11
2686 10
2687 8
2688 12
2689 12
2690 9
2691 11
2692 12
2693 12
2694 11
2695 14
2696 8
2697 16
2698 13
2699 11
2700 10
2701 16
2702 11
2703 10
2704 12
2705 8
2706 7
2707 6
2708 7
2709 10
2710 10
2711 15
2712 8
2713 13
2714 14
2715 13
2716 18
2717 18
2718 6
2719 15
2720 7
2721 12
2722 13
2723 13
2724 9
2725 8
2726 11
2727 11
2728 10
2729 15
2730 10
2731 13
2732 12
2733 12
2734 10
2735 14
2736 10
2737 13
2738 10
2739 11
2740 11
2741 9
2742 6
2743 12
2744 11
2745 16
2746 8
2747 16
2748 17
2749 10
2750 17
2751 12
2752 6
2753 15
2754 9
2755 13
2756 13
2757 11
2758 7
2759 6
2760 11
2761 11
2762 9
2763 14
2764 10
2765 12
2766 13
2767 16
2768 13
2769 12
2770 8
2771 16
2772 7
2773 11
2774 15
2775 10
2776 6
2777 14
2778 10
2779 14
2780 11
2781 16
2782 16
2783 8
2784 16
2785 11
2786 7
2787 15
2788 9
2789 11
2790 14
2791 10
2792 8
2793 11
2794 9
2795 12
2796 8
2797 8
2798 11
2799 14
2800 12
2801 15
2802 12
2803 15
2804 6
2805 18
2806 9
2807 11
2808 21
2809 7
2810 7
2811 15
2812 10
2813 12
2814 13
2815 14
2816 13
2817 7
2818 17
2819 10
2820 5
2821 11
2822 12
2823 11
2824 12
2825 10
2826 11
2827 12
2828 10
2829 12
2830 8
2831 6
2832 10
2833 14
2834 14
2835 14
2836 11
2837 12
2838 3
2839 17
2840 7
2841 13
2842 19
2843 11
2844 7
2845 16
2846 10
2847 11
2848 12
2849 12
2850 15
2851 7
2852 17
2853 8
2854 9
2855 11
2856 14
2857 11
2858 9
2859 11
2860 13
2861 9
2862 10
2863 11
2864 8
2865 4
2866 12
2867 8
2868 16
2869 10
2870 12
2871 10
2872 4
2873 17
2874 9
2875 12
2876 21
2877 10
2878 10
2879 12
2880 7
2881 12
2882 9
2883 14
2884 14
2885 10
2886 13
2887 9
2888 11
2889 10
2890 16
2891 12
2892 12
2893 9
2894 15
2895 9
2896 11
2897 10
2898 10
2899 3
2900 11
2901 5
2902 16
2903 9
2904 14
2905 11
2906 5
2907 14
2908 11
2909 15
2910 19
2911 11
2912 9
2913 11
2914 5
2915 12
2916 7
2917 13
2918 11
2919 8
2920 11
2921 11
2922 10
2923 7
2924 18
2925 11
2926 14
2927 11
2928 16
2929 8
2930 13
2931 12
2932 9
2933 5
2934 8
2935 12
2936 19
2937 7
2938 16
2939 13
2940 7
2941 16
2942 13
2943 17
2944 16
2945 9
2946 9
2947 11
2948 6
2949 14
2950 9
2951 9
2952 10
2953 6
2954 9
2955 13
2956 12
2957 9
2958 17
2959 15
2960 18
2961 13
2962 17
2963 7
2964 13
2965 11
2966 9
2967 7
2968 11
2969 9
2970 18
2971 8
2972 15
2973 10
2974 10
2975 17
2976 12
2977 18
2978 12
2979 11
2980 11
2981 11
2982 9
2983 15
2984 8
2985 9
2986 11
2987 7
2988 9
2989 10
2990 16
2991 9
2992 17
2993 13
2994 17
2995 13
2996 14
2997 7
2998 10
2999 9
3000 6
3001 11
3002 13
3003 8
3004 14
3005 9
3006 14
3007 13
3008 10
3009 16
3010 16
3011 15
3012 12
3013 11
3014 11
3015 11
3016 10
3017 15
3018 8
3019 10
3020 8
3021 8
3022 8
3023 10
3024 16
3025 11
3026 12
3027 14
3028 17
3029 11
3030 15
3031 10
3032 9
3033 8
3034 6
3035 14
3036 12
3037 7
3038 10
3039 11
3040 12
3041 13
3042 13
3043 12
3044 13
3045 16
3046 13
3047 11
3048 12
3049 13
3050 12
3051 12
3052 8
3053 12
3054 7
3055 8
3056 9
3057 10
3058 16
3059 7
3060 15
3061 13
3062 14
3063 17
3064 15
3065 8
3066 13
3067 10
3068 10
3069 16
3070 11
3071 8
3072 7
3073 11
3074 12
3075 10
3076 14
3077 14
3078 10
3079 14
3080 12
3081 11
3082 11
3083 11
3084 15
3085 11
3086 11
3087 13
3088 9
3089 6
3090 8
3091 11
3092 19
3093 7
3094 16
3095 18
3096 10
3097 16
3098 12
3099 8
3100 15
3101 9
3102 10
3103 14
3104 10
3105 6
3106 5
3107 12
3108 11
3109 9
3110 13
3111 14
3112 8
3113 11
3114 11
3115 15
3116 12
3117 7
3118 16
3119 8
3120 10
3121 14
3122 10
3123 6
3124 13
3125 7
3126 18
3127 10
3128 15
3129 17
3130 6
3131 16
3132 12
3133 6
3134 14
3135 11
3136 9
3137 15
3138 9
3139 9
3140 9
3141 10
3142 13
3143 9
3144 7
3145 14
3146 11
3147 9
3148 12
3149 14
3150 15
3151 5
3152 16
3153 10
3154 10
3155 21
3156 8
3157 5
3158 12
3159 6
3160 14
3161 11
3162 11
3163 13
3164 6
3165 14
3166 12
3167 5
3168 10
3169 10
3170 12
3171 13
3172 9
3173 11
3174 9
3175 11
3176 12
3177 7
3178 5
3179 13
3180 14
3181 11
3182 13
3183 12
3184 13
3185 3
3186 17
3187 7
3188 13
3189 19
3190 11
3191 4
3192 13
3193 6
3194 12
3195 10
3196 8
3197 15
3198 6
3199 15
3200 8
3201 9
3202 11
3203 10
3204 13
3205 10
3206 10
3207 14
3208 9
3209 10
3210 12
3211 7
3212 8
3213 13
3214 10
3215 13
3216 10
3217 10
3218 13
3219 5
3220 17
3221 8
3222 13
3223 20
3224 10
3225 3
3226 12
3227 6
3228 10
3229 10
3230 10
3231 14
3232 8
3233 10
3234 8
3235 12
3236 11
3237 12
3238 13
3239 8
3240 10
3241 16
3242 9
3243 8
3244 10
3245 8
3246 8
3247 10
3248 8
3249 13
3250 9
3251 11
3252 16
3253 6
3254 13
3255 8
3256 13
3257 17
3258 8
3259 3
3260 11
3261 5
3262 9
3263 9
3264 12
3265 10
3266 7
3267 10
3268 9
3269 11
3270 9
3271 14
3272 10
3273 11
3274 12
3275 16
3276 10
3277 8
3278 11
3279 7
3280 10
3281 7
3282 13
3283 15
3284 10
3285 14
3286 16
3287 8
3288 16
3289 12
3290 10
3291 14
3292 6
3293 4
3294 12
3295 5
3296 11
3297 10
3298 11
3299 9
3300 7
3301 9
3302 11
3303 11
3304 11
3305 14
3306 14
3307 14
3308 12
3309 15
3310 10
3311 10
3312 8
3313 9
3314 11
3315 9
3316 11
3317 15
3318 11
3319 13
3320 11
3321 9
3322 17
3323 12
3324 11
3325 11
3326 9
3327 6
3328 11
3329 6
3330 12
3331 9
3332 11
3333 10
3334 9
3335 9
3336 7
3337 15
3338 10
3339 14
3340 12
3341 12
3342 10
3343 11
3344 10
3345 10
3346 8
3347 7
3348 14
3349 11
3350 8
3351 13
3352 12
3353 11
3354 14
3355 8
3356 14
3357 14
3358 9
3359 11
3360 12
3361 5
3362 13
3363 7
3364 13
3365 12
3366 12
3367 7
3368 10
3369 9
3370 8
3371 15
3372 11
3373 12
3374 14
3375 14
3376 10
3377 14
3378 11
3379 10
3380 5
3381 6
3382 13
3383 10
3384 7
3385 10
3386 14
3387 12
3388 12
3389 13
3390 10
3391 12
3392 9
3393 10
3394 12
3395 6
3396 11
3397 6
3398 11
3399 11
3400 14
3401 7
3402 11
3403 10
3404 10
3405 16
3406 10
3407 15
3408 13
3409 14
3410 15
3411 14
3412 8
3413 12
3414 8
3415 10
3416 13
3417 10
3418 6
3419 7
3420 15
3421 12
3422 8
3423 14
3424 12
3425 7
3426 8
3427 8
3428 12
3429 6
3430 9
3431 9
3432 12
3433 11
3434 13
3435 10
3436 9
3437 10
3438 10
3439 18
3440 9
3441 15
3442 16
3443 10
3444 14
3445 10
3446 9
3447 13
3448 9
3449 10
3450 12
3451 9
3452 5
3453 6
3454 15
3455 12
3456 7
3457 13
3458 13
3459 7
3460 8
3461 10
3462 14
3463 8
3464 6
3465 12
3466 10
3467 10
3468 12
3469 13
3470 11
3471 14
3472 7
3473 18
3474 12
3475 14
3476 19
3477 4
3478 14
3479 10
3480 8
3481 12
3482 12
3483 8
3484 13
3485 10
3486 6
3487 11
3488 9
3489 12
3490 9
3491 7
3492 14
3493 10
3494 6
3495 12
3496 13
3497 10
3498 6
3499 13
3500 11
3501 9
3502 21
3503 11
3504 10
3505 15
3506 8
3507 16
3508 14
3509 10
3510 14
3511 7
3512 12
3513 11
3514 7
3515 5
3516 10
3517 13
3518 11
3519 10
3520 10
3521 11
3522 10
3523 11
3524 8
3525 6
3526 12
3527 13
3528 8
3529 13
3530 12
3531 12
3532 5
3533 19
3534 10
3535 11
3536 20
3537 12
3538 9
3539 16
3540 8
3541 16
3542 11
3543 8
3544 16
3545 8
3546 12
3547 7
3548 11
3549 8
3550 8
3551 15
3552 9
3553 11
3554 13
3555 11
3556 8
3557 11
3558 8
3559 9
3560 11
3561 9
3562 10
3563 10
3564 10
3565 13
3566 7
3567 20
3568 9
3569 16
3570 19
3571 12
3572 7
3573 15
3574 9
3575 11
3576 11
3577 9
3578 15
3579 11
3580 8
3581 7
3582 14
3583 11
3584 10
3585 15
3586 8
3587 8
3588 16
3589 11
3590 8
3591 8
3592 9
3593 9
3594 10
3595 10
3596 10
3597 10
3598 11
3599 16
3600 7
3601 17
3602 6
3603 18
3604 15
3605 11
3606 6
3607 13
3608 9
3609 11
3610 9
3611 12
3612 12
3613 8
3614 9
3615 8
3616 15
3617 10
3618 12
3619 12
3620 10
3621 11
3622 16
3623 12
3624 7
3625 8
3626 8
3627 12
3628 8
3629 14
3630 12
3631 12
3632 13
3633 15
3634 8
3635 18
3636 10
3637 14
3638 15
3639 8
3640 6
3641 13
3642 9
3643 12
3644 10
3645 11
3646 9
3647 9
3648 9
3649 11
3650 13
3651 12
3652 11
3653 16
3654 14
3655 13
3656 16
3657 11
3658 9
3659 7
3660 9
3661 14
3662 10
3663 13
3664 12
3665 14
3666 13
3667 11
3668 10
3669 18
3670 12
3671 12
3672 11
3673 12
3674 7
3675 14
3676 7
3677 11
3678 8
3679 11
3680 9
3681 11
3682 11
3683 7
3684 15
3685 11
3686 12
3687 13
3688 11
3689 14
3690 12
3691 10
3692 9
3693 8
3694 8
3695 16
3696 12
3697 8
3698 13
3699 17
3700 13
3701 15
3702 10
3703 16
3704 13
3705 9
3706 12
3707 14
3708 8
3709 14
3710 8
3711 10
3712 11
3713 13
3714 7
3715 11
3716 11
3717 10
3718 12
3719 10
3720 12
3721 14
3722 13
3723 16
3724 12
3725 11
3726 11
3727 10
3728 8
3729 14
3730 12
3731 10
3732 9
3733 17
3734 16
3735 13
3736 15
3737 12
3738 10
3739 8
3740 11
3741 14
3742 9
3743 12
3744 8
3745 8
3746 8
3747 16
3748 6
3749 10
3750 10
3751 10
3752 13
3753 9
3754 13
3755 13
3756 13
3757 19
3758 12
3759 8
3760 13
3761 12
3762 10
3763 13
3764 11
3765 8
3766 7
3767 19
3768 16
3769 10
3770 16
3771 14
3772 7
3773 8
3774 10
3775 13
3776 9
3777 10
3778 11
3779 10
3780 10
3781 15
3782 11
3783 9
3784 9
3785 13
3786 18
3787 9
3788 13
3789 15
3790 11
3791 18
3792 9
3793 8
3794 15
3795 14
3796 10
3797 12
3798 11
3799 6
3800 9
3801 15
3802 17
3803 8
3804 14
3805 15
3806 9
3807 10
3808 10
3809 15
3810 9
3811 8
3812 12
3813 11
3814 9
3815 12
3816 16
3817 11
3818 13
3819 10
3820 18
3821 10
3822 12
3823 21
3824 7
3825 17
3826 11
3827 9
3828 14
3829 15
3830 8
3831 12
3832 13
3833 7
3834 14
3835 8
3836 15
3837 11
3838 10
3839 16
3840 11
3841 8
3842 13
3843 12
3844 10
3845 6
3846 8
3847 12
3848 10
3849 14
3850 14
3851 11
3852 14
3853 11
3854 18
3855 13
3856 10
3857 16
3858 10
3859 14
3860 10
3861 8
3862 10
3863 9
3864 15
3865 10
3866 10
3867 10
3868 14
3869 12
3870 13
3871 8
3872 9
3873 15
3874 14
3875 9
3876 13
3877 10
3878 10
3879 5
3880 12
3881 13
3882 11
3883 14
3884 15
3885 11
3886 14
3887 10
3888 19
3889 10
3890 10
3891 16
3892 12
3893 14
3894 8
3895 11
3896 10
3897 9
3898 15
3899 9
3900 11
3901 13
3902 13
3903 13
3904 11
3905 8
3906 9
3907 14
3908 9
3909 9
3910 11
3911 9
3912 9
3913 7
3914 13
3915 12
3916 16
3917 13
3918 14
3919 9
3920 15
3921 13
3922 15
3923 13
3924 12
3925 15
3926 14
3927 11
3928 7
3929 13
3930 12
3931 10
3932 16
3933 9
3934 8
3935 16
3936 11
3937 15
3938 9
3939 9
3940 7
3941 12
3942 10
3943 10
3944 11
3945 10
3946 11
3947 8
3948 12
3949 7
3950 20
3951 10
3952 13
3953 7
3954 13
3955 11
3956 15
3957 12
3958 15
3959 12
3960 10
3961 12
3962 8
3963 13
3964 11
3965 9
3966 12
3967 11
3968 11
3969 16
3970 12
3971 11
3972 9
3973 9
3974 11
3975 13
3976 13
3977 14
3978 11
3979 12
3980 12
3981 8
3982 14
3983 12
3984 15
3985 11
3986 10
3987 7
3988 12
3989 11
3990 14
3991 15
3992 14
3993 9
3994 12
3995 11
3996 12
3997 12
3998 13
3999 8
4000 14
4001 14
4002 12
4003 16
4004 10
4005 13
4006 10
4007 10
4008 10
4009 13
4010 12
4011 13
4012 13
4013 12
4014 11
4015 9
4016 14
4017 13
4018 14
4019 11
4020 15
4021 10
4022 15
4023 7
4024 15
4025 15
4026 14
4027 8
4028 13
4029 13
4030 10
4031 16
4032 10
4033 9
4034 11
4035 10
4036 11
4037 12
4038 9
4039 12
4040 9
4041 8
4042 11
4043 11
4044 7
4045 14
4046 14
4047 14
4048 11
4049 8
4050 15
4051 15
4052 11
4053 12
4054 15
4055 11
4056 16
4057 8
4058 12
4059 14
4060 15
4061 8
4062 12
4063 15
4064 12
4065 13
4066 7
4067 11
4068 13
4069 13
4070 12
4071 13
4072 11
4073 12
4074 9
4075 8
4076 9
4077 10
4078 12
4079 9
4080 14
4081 17
4082 9
4083 12
4084 11
4085 10
4086 10
4087 13
4088 17
4089 10
4090 10
4091 9
4092 10
4093 10
4094 17
4095 9
4096 7
4097 13
4098 10
4099 13
4100 7
4101 11
4102 15
4103 13
4104 14
4105 12
4106 10
4107 14
4108 10
4109 9
4110 10
4111 8
4112 11
4113 8
4114 17
4115 17
4116 7
4117 11
4118 13
4119 9
4120 10
4121 12
4122 18
4123 10
4124 7
4125 11
4126 12
4127 11
4128 15
4129 12
4130 7
4131 10
4132 12
4133 17
4134 7
4135 10
4136 15
4137 12
4138 14
4139 10
4140 9
4141 16
4142 14
4143 10
4144 9
4145 7
4146 10
4147 9
4148 14
4149 18
4150 9
4151 9
4152 14
4153 9
4154 12
4155 11
4156 17
4157 9
4158 5
4159 9
4160 13
4161 9
4162 12
4163 18
4164 7
4165 13
4166 8
4167 16
4168 9
4169 8
4170 22
4171 8
4172 14
4173 9
4174 10
4175 16
4176 17
4177 9
Variance is : 3.096389